-7.000000 -13.000000  1.503668 -47.000000  2.758193 1 
-8.000000 -13.000000  1.410760 -47.000000  3.134972 1 
-8.000000 -13.000000  1.333772 -50.000000  2.149051 1 
-9.000000 -13.000000  1.521278 -46.000000  1.843909 1 
-8.000000 -13.000000  1.448767 -43.000000  1.465004 1 
-8.000000 -13.000000  1.448767 -43.000000  1.465004 1 
-8.000000 -13.000000  1.525799 -43.000000  1.711389 1 
-12.000000 -13.000000  0.196116 -45.000000  4.711524 1 
-12.000000 -13.000000  0.282057 -45.000000  4.182803 1 
-12.000000 -13.000000  0.278718 -45.000000  3.942346 1 
-12.000000 -13.000000  0.264351 -44.000000  3.527074 1 
-12.000000 -14.000000  0.220863 -44.000000  3.054005 1 
-13.000000 -14.000000  0.215540 -44.000000  3.464102 1 
-13.000000 -14.000000  0.244623 -47.000000  2.458070 1 
-13.000000 -14.000000  0.229184 -47.000000  2.414881 1 
-13.000000 -14.000000  0.187256 -46.000000  2.551228 1 
-13.000000 -14.000000  0.134840 -44.000000  3.540340 1 
-13.000000 -13.000000  0.000000 -44.000000  3.330441 1 
-13.000000 -13.000000  0.000000 -44.000000  3.629996 1 
-13.000000 -14.000000  0.142857 -46.000000  3.488806 1 
-13.000000 -14.000000  0.147442 -46.000000  3.295510 1 
-13.000000 -14.000000  0.206185 -49.000000  2.445641 1 
-13.000000 -14.000000  0.147442 -49.000000  3.050699 1 
-12.000000 -14.000000  0.224867 -49.000000  3.209229 1 
-12.000000 -13.000000  0.206185 -49.000000  3.195407 1 
-12.000000 -13.000000  0.206185 -49.000000  2.884659 1 
-13.000000 -13.000000  0.000000 -47.000000  2.386860 1 
-13.000000 -13.000000  0.000000 -47.000000  2.185210 1 
-13.000000 -13.000000  0.000000 -47.000000  1.896363 1 
-13.000000 -13.000000  0.000000 -48.000000  1.781961 1 
-13.000000 -14.000000  0.401918 -48.000000  4.552092 1 
-13.000000 -14.000000  0.393750 -51.000000  3.666465 1 
-13.000000 -14.000000  0.393750 -51.000000  3.479572 1 
-12.000000 -14.000000  0.377964 -51.000000  3.142767 1 
-12.000000 -14.000000  0.272166 -52.000000  2.998015 1 
-12.000000 -14.000000  0.301511 -52.000000  2.727493 1 
-12.000000 -14.000000  0.262613 -51.000000  2.799453 1 
-12.000000 -14.000000  0.260378 -51.000000  2.731401 1 
-12.000000 -14.000000  0.223607 -51.000000  2.979605 1 
-12.000000 -13.000000  0.218085 -48.000000  3.758243 1 
-12.000000 -14.000000  0.272746 -48.000000  3.144876 1 
-12.000000 -14.000000  0.286711 -47.000000  3.143417 1 
-12.000000 -14.000000  0.334039 -47.000000  3.400731 1 
-12.000000 -14.000000  0.354152 -47.000000  3.585753 1 
-12.000000 -14.000000  0.334039 -47.000000  3.659636 1 
-12.000000 -14.000000  0.298142 -47.000000  3.556613 1 
-12.000000 -13.000000  0.149071 -47.000000  2.113688 1 
-13.000000 -13.000000  0.000000 -46.000000  2.692489 1 
-10.000000 -14.000000  0.494962 -46.000000  2.740785 1 
-10.000000 -14.000000  0.714826 -46.000000  3.012373 1 
-9.000000 -14.000000  1.304308 -46.000000  2.870158 1 
-8.000000 -13.000000  1.450932 -46.000000  2.685014 1 
-8.000000 -13.000000  1.464247 -46.000000  2.745919 1 
-8.000000 -14.000000  1.173903 -41.000000  4.063449 1 
-10.000000 -14.000000  0.675468 -41.000000  4.805520 1 
-9.000000 -14.000000  1.210127 -41.000000  4.865972 1 
-9.000000 -13.000000  1.264464 -43.000000  4.902323 1 
-8.000000 -13.000000  1.336665 -43.000000  4.089373 1 
-8.000000 -13.000000  1.056486 -46.000000  3.775519 1 
-8.000000 -13.000000  1.117808 -46.000000  3.881190 1 
-9.000000 -14.000000  1.130560 -46.000000  3.945991 1 
-9.000000 -14.000000  1.198875 -53.000000  2.782456 1 
-9.000000 -14.000000  1.250000 -53.000000  2.880249 1 
-7.000000 -13.000000  2.035401 -48.000000  0.899735 1 
-7.000000 -13.000000  1.954078 -48.000000  3.940011 1 
-7.000000 -13.000000  1.585188 -48.000000  3.581917 1 
-8.000000 -13.000000  1.313579 -49.000000  2.713229 1 
-8.000000 -13.000000  1.296731 -49.000000  2.624498 1 
-8.000000 -13.000000  1.397575 -49.000000  2.187150 1 
-11.000000 -13.000000  0.894427 -52.000000  2.000000 1 
-9.000000 -13.000000  1.394035 -51.000000  2.424184 1 
-8.000000 -13.000000  1.539710 -51.000000  3.147550 1 
-7.000000 -13.000000  1.983762 -51.000000  3.054866 1 
-7.000000 -13.000000  2.138801 -48.000000  3.602353 1 
-7.000000 -13.000000  2.223016 -48.000000  2.831232 1 
-7.000000 -13.000000  2.051828 -48.000000  2.797022 1 
-7.000000 -13.000000  1.928528 -50.000000  2.852742 1 
-7.000000 -13.000000  1.926923 -50.000000  2.446802 1 
-7.000000 -13.000000  1.866974 -51.000000  2.627269 1 
-7.000000 -13.000000  1.909675 -54.000000  2.671825 1 
-7.000000 -13.000000  1.795828 -51.000000  3.287018 1 
-7.000000 -14.000000  2.077967 -50.000000  3.760029 1 
-7.000000 -14.000000  1.946836 -50.000000  3.306969 1 
-7.000000 -14.000000  1.966778 -50.000000  3.730394 1 
-6.000000 -14.000000  1.922070 -52.000000  3.196586 1 
-6.000000 -14.000000  1.830588 -52.000000  2.955184 1 
-6.000000 -15.000000  2.072169 -52.000000  3.175636 1 
-8.000000 -15.000000  1.413587 -53.000000  2.993788 1 
-10.000000 -15.000000  0.665168 -56.000000  2.419647 1 
-13.000000 -14.000000  0.266747 -55.000000  2.663981 1 
-10.000000 -14.000000  0.861945 -54.000000  2.791930 1 
-10.000000 -16.000000  1.293738 -54.000000  2.662785 1 
-10.000000 -18.000000  1.843832 -54.000000  2.518855 1 
-10.000000 -18.000000  1.926327 -55.000000  2.067437 1 
-10.000000 -18.000000  2.349005 -55.000000  2.344273 1 
-8.000000 -18.000000  2.597148 -57.000000  2.861706 -1 
-8.000000 -18.000000  2.678949 -57.000000  2.628131 -1 
-8.000000 -18.000000  2.741420 -59.000000  2.000385 -1 
-16.000000 -18.000000  0.730046 -57.000000  2.709365 -1 
-7.000000 -18.000000  2.876653 -57.000000  3.084352 -1 
-7.000000 -18.000000  3.341590 -57.000000  2.820580 -1 
-7.000000 -17.000000  2.607681 -55.000000  3.569714 -1 
-7.000000 -17.000000  3.067583 -55.000000  2.810694 -1 
-7.000000 -18.000000  2.849242 -55.000000  1.772719 -1 
-9.000000 -18.000000  2.328584 -56.000000  1.771724 1 
-10.000000 -18.000000  2.179857 -55.000000  2.945329 1 
-10.000000 -17.000000  2.094496 -55.000000  2.749499 1 
-10.000000 -17.000000  1.950929 -55.000000  2.706304 1 
-8.000000 -17.000000  2.290337 -58.000000  1.960706 1 
-7.000000 -17.000000  2.632439 -55.000000  2.740415 1 
-7.000000 -15.000000  1.828386 -54.000000  1.889201 1 
-7.000000 -16.000000  1.820149 -54.000000  1.860002 -1 
-8.000000 -17.000000  2.144395 -54.000000  3.920684 -1 
-8.000000 -17.000000  2.024749 -55.000000  3.822636 -1 
-8.000000 -17.000000  2.136641 -59.000000  2.379763 -1 
-8.000000 -17.000000  2.249518 -59.000000  2.231933 -1 
-9.000000 -17.000000  2.240785 -56.000000  2.970633 -1 
-7.000000 -17.000000  2.631863 -56.000000  3.153890 -1 
-7.000000 -18.000000  2.944447 -56.000000  3.162208 1 
-7.000000 -18.000000  2.858048 -57.000000  2.356427 1 
-12.000000 -18.000000  1.481121 -58.000000  2.029850 1 
-13.000000 -18.000000  1.256620 -61.000000  2.101935 1 
-13.000000 -18.000000  1.284289 -61.000000  2.072685 1 
-9.000000 -18.000000  2.391272 -58.000000  3.105713 1 
-9.000000 -18.000000  2.662992 -58.000000  2.733140 -1 
-8.000000 -17.000000  2.328890 -58.000000  2.472161 -1 
-8.000000 -17.000000  2.250524 -58.000000  2.388383 -1 
-8.000000 -14.000000  1.778002 -58.000000  2.347786 -1 
-8.000000 -17.000000  2.653489 -58.000000  2.553916 -1 
-12.000000 -17.000000  1.234094 -62.000000  1.994533 -1 
-12.000000 -18.000000  1.429761 -61.000000  2.228640 -1 
-12.000000 -18.000000  1.393932 -60.000000  2.401665 -1 
-12.000000 -18.000000  1.468834 -60.000000  2.135470 -1 
-12.000000 -18.000000  1.475243 -60.000000  2.322353 1 
-12.000000 -18.000000  1.629508 -63.000000  1.925122 1 
-12.000000 -18.000000  1.460387 -63.000000  1.743767 1 
-12.000000 -18.000000  1.467450 -63.000000  1.663444 1 
-11.000000 -19.000000  1.965863 -59.000000  2.654459 -1 
-11.000000 -19.000000  2.012889 -59.000000  2.319865 1 
-11.000000 -19.000000  1.865015 -59.000000  2.315535 1 
-12.000000 -19.000000  1.752920 -63.000000  1.599242 1 
-10.000000 -19.000000  1.906159 -63.000000  1.836145 1 
-10.000000 -17.000000  1.831490 -64.000000  1.968979 1 
-10.000000 -17.000000  2.135416 -63.000000  2.116964 -1 
-11.000000 -17.000000  1.897855 -63.000000  1.356934 -1 
-11.000000 -17.000000  1.792419 -62.000000  1.552709 -1 
-10.000000 -17.000000  1.735104 -61.000000  1.863458 -1 
-9.000000 -17.000000  2.040008 -61.000000  1.832251 1 
-9.000000 -17.000000  2.511236 -61.000000  1.938623 1 
-7.000000 -17.000000  3.038047 -60.000000  2.071181 1 
-7.000000 -16.000000  2.527371 -60.000000  1.859794 1 
-7.000000 -17.000000  2.750251 -60.000000  1.769696 1 
-7.000000 -17.000000  2.553128 -62.000000  1.395046 1 
-9.000000 -17.000000  2.420426 -63.000000  2.023326 1 
-9.000000 -17.000000  2.502008 -64.000000  1.828249 1 
-8.000000 -18.000000  2.970857 -63.000000  1.794215 1 
-8.000000 -18.000000  2.795224 -62.000000  2.170683 -1 
-8.000000 -18.000000  2.712405 -62.000000  2.398639 -1 
-9.000000 -18.000000  2.436551 -62.000000  2.687776 1 
-12.000000 -17.000000  1.616904 -63.000000  2.549510 1 
-9.000000 -18.000000  2.549230 -63.000000  2.501282 1 
-9.000000 -18.000000  2.259067 -63.000000  2.278655 -1 
-9.000000 -18.000000  2.306551 -62.000000  2.364101 -1 
-11.000000 -18.000000  1.881686 -62.000000  2.375946 -1 
-11.000000 -18.000000  2.164651 -62.000000  2.555418 1 
-13.000000 -18.000000  1.466355 -65.000000  2.136637 1 
-11.000000 -18.000000  2.159772 -61.000000  3.130249 1 
-8.000000 -18.000000  3.098776 -58.000000  3.437222 1 
-8.000000 -18.000000  2.687647 -57.000000  3.368179 -1 
-8.000000 -16.000000  2.568422 -57.000000  3.962315 -1 
-8.000000 -16.000000  2.441792 -57.000000  4.453898 -1 
-9.000000 -16.000000  1.262808 -59.000000  3.682138 -1 
-12.000000 -15.000000  0.903417 -59.000000  3.633736 -1 
-11.000000 -17.000000  1.153766 -59.000000  4.004507 -1 
-25.000000 -25.000000  0.000000 -69.000000  2.696799 1 
-25.000000 -25.000000  0.000000 -64.000000  3.049414 -1 
-25.000000 -25.000000  0.000000 -64.000000  3.049414 -1 
-25.000000 -25.000000  0.000000 -64.000000  3.049414 -1 
-25.000000 -25.000000  0.000000 -64.000000  3.049414 -1 
-25.000000 -25.000000  0.000000 -64.000000  3.049414 -1 
-25.000000 -25.000000  0.000000 -64.000000  3.049414 1 
-25.000000 -25.000000  0.000000 -64.000000  3.049414 1 
-24.000000 -25.000000  0.288675 -71.000000  3.128559 1 
-24.000000 -25.000000  0.245935 -68.000000  3.221494 1 
-24.000000 -25.000000  0.213083 -68.000000  2.933557 1 
-24.000000 -25.000000  0.179605 -68.000000  2.564858 1 
-25.000000 -25.000000  0.000000 -70.000000  1.752920 1 
-25.000000 -25.000000  0.000000 -67.000000  1.625687 -1 
-25.000000 -25.000000  0.000000 -67.000000  1.625687 1 
-25.000000 -25.000000  0.000000 -67.000000  1.625687 1 
-25.000000 -25.000000  0.000000 -64.000000  3.049414 -1 
-25.000000 -25.000000  0.000000 -69.000000  2.451757 -1 
-25.000000 -25.000000  0.000000 -66.000000  2.750340 -1 
-12.000000 -25.000000  2.214608 -66.000000  3.399940 -1 
-12.000000 -25.000000  3.026951 -66.000000  3.524370 1 
-12.000000 -25.000000  3.867692 -62.000000  4.663205 1 
-13.000000 -25.000000  3.485094 -62.000000  3.658351 -1 
-13.000000 -25.000000  3.146065 -62.000000  3.309765 -1 
-14.000000 -25.000000  3.035772 -63.000000  3.437207 -1 
-16.000000 -25.000000  3.466867 -63.000000  2.978046 -1 
-16.000000 -25.000000  3.152745 -63.000000  2.902869 -1 
-18.000000 -25.000000  1.726305 -65.000000  2.221251 -1 
-20.000000 -25.000000  1.426141 -65.000000  2.265032 -1 
-15.000000 -25.000000  2.477475 -65.000000  2.204363 -1 
-15.000000 -25.000000  2.445487 -66.000000  2.274360 -1 
-15.000000 -25.000000  2.824533 -66.000000  2.768812 -1 
-16.000000 -25.000000  2.516836 -68.000000  2.439957 -1 
-16.000000 -25.000000  2.762286 -68.000000  2.497230 -1 
-13.000000 -25.000000  3.286545 -60.000000  3.804512 -1 
-13.000000 -25.000000  4.126716 -58.000000  5.497669 -1 
-13.000000 -25.000000  3.158460 -58.000000  4.335262 -1 
-14.000000 -25.000000  2.404838 -58.000000  3.890113 -1 
-16.000000 -25.000000  3.062410 -64.000000  2.507897 -1 
-16.000000 -25.000000  2.824008 -63.000000  2.817285 -1 
-13.000000 -25.000000  3.362763 -62.000000  3.207695 -1 
-12.000000 -25.000000  3.524571 -59.000000  3.623955 -1 
-12.000000 -25.000000  2.973328 -58.000000  3.251423 -1 
-11.000000 -18.000000  1.841993 -58.000000  3.198870 -1 
-11.000000 -18.000000  2.062952 -58.000000  3.654204 -1 
-11.000000 -18.000000  1.985689 -55.000000  3.823653 -1 
-10.000000 -17.000000  1.826718 -55.000000  2.992712 -1 
-8.000000 -17.000000  2.623604 -52.000000  4.005063 -1 
-8.000000 -15.000000  1.978629 -51.000000  3.664265 -1 
-8.000000 -12.000000  0.804472 -51.000000  2.170423 -1 
-8.000000 -17.000000  2.098964 -51.000000  3.077896 -1 
-9.000000 -19.000000  2.710932 -52.000000  5.086678 -1 
-9.000000 -19.000000  1.813322 -49.000000  5.834729 -1 
-9.000000 -19.000000  1.942318 -49.000000  6.656440 -1 
-7.000000 -16.000000  1.991224 -49.000000  2.818973 -1 
-7.000000 -14.000000  1.962933 -49.000000  1.099563 -1 
-7.000000 -13.000000  1.589069 -50.000000  0.910702 -1 
-8.000000 -13.000000  1.465302 -50.000000  0.999149 -1 
-8.000000 -13.000000  1.752163 -50.000000  0.951474 -1 
-8.000000 -13.000000  1.959457 -50.000000  1.483240 -1 
-11.000000 -13.000000  0.530669 -50.000000  1.878187 -1 
-10.000000 -13.000000  0.607521 -50.000000  1.916745 -1 
-10.000000 -15.000000  0.687196 -50.000000  3.220696 -1 
-10.000000 -15.000000  0.799717 -50.000000  4.519231 -1 
-10.000000 -16.000000  1.163960 -50.000000  4.615743 -1 
-9.000000 -16.000000  1.446096 -55.000000  3.196347 -1 
-9.000000 -16.000000  1.568361 -55.000000  3.225092 1 
-9.000000 -14.000000  1.530981 -55.000000  1.568361 1 
-10.000000 -14.000000  1.246444 -55.000000  2.330329 1 
-10.000000 -19.000000  1.589740 -57.000000  4.675857 1 
-10.000000 -19.000000  1.853743 -60.000000  4.235134 1 
-9.000000 -19.000000  2.302173 -63.000000  3.030152 1 
-9.000000 -18.000000  1.744826 -62.000000  2.329266 1 
-9.000000 -15.000000  1.485169 -62.000000  2.047792 1 
-10.000000 -15.000000  1.205449 -62.000000  2.052627 1 
-10.000000 -15.000000  1.225633 -63.000000  2.019499 -1 
-11.000000 -15.000000  1.323010 -65.000000  1.652835 -1 
-11.000000 -17.000000  1.219799 -64.000000  1.619801 -1 
-11.000000 -17.000000  1.248433 -62.000000  2.110101 -1 
-12.000000 -17.000000  1.132025 -62.000000  2.454570 -1 
-11.000000 -16.000000  1.178368 -62.000000  2.544553 -1 
-11.000000 -16.000000  1.142093 -64.000000  2.086029 -1 
-11.000000 -16.000000  1.070799 -64.000000  1.931818 -1 
-11.000000 -16.000000  0.999859 -64.000000  1.707081 -1 
-12.000000 -16.000000  0.840198 -64.000000  1.734007 -1 
-12.000000 -16.000000  0.793383 -64.000000  1.580307 -1 
-13.000000 -16.000000  0.644629 -63.000000  1.822164 -1 
-13.000000 -16.000000  0.771345 -62.000000  2.407008 -1 
-13.000000 -16.000000  0.762648 -62.000000  2.524654 -1 
-13.000000 -16.000000  0.835547 -62.000000  2.739260 -1 
-13.000000 -15.000000  0.706125 -62.000000  2.203143 -1 
-13.000000 -16.000000  0.840339 -62.000000  2.974131 -1 
-13.000000 -17.000000  0.907136 -62.000000  2.837934 -1 
-13.000000 -17.000000  0.759357 -66.000000  2.087688 -1 
-13.000000 -17.000000  0.854371 -63.000000  2.335704 1 
-13.000000 -16.000000  0.770025 -62.000000  2.346051 1 
-13.000000 -15.000000  0.596601 -62.000000  1.843832 -1 
-13.000000 -16.000000  0.715250 -62.000000  2.677538 -1 
-13.000000 -16.000000  0.724666 -64.000000  2.623018 -1 
-13.000000 -17.000000  0.975838 -64.000000  2.710307 1 
-13.000000 -17.000000  0.985011 -66.000000  2.606233 1 
-13.000000 -17.000000  1.139012 -66.000000  2.817357 -1 
-13.000000 -17.000000  1.008584 -66.000000  3.035423 -1 
-13.000000 -16.000000  0.739288 -65.000000  2.160247 -1 
-13.000000 -16.000000  0.793536 -65.000000  2.735522 -1 
-13.000000 -18.000000  1.022902 -65.000000  3.349003 -1 
-13.000000 -18.000000  1.048405 -68.000000  2.466499 -1 
-13.000000 -18.000000  1.075383 -68.000000  2.415047 -1 
-13.000000 -18.000000  1.022733 -68.000000  2.307264 -1 
-14.000000 -18.000000  0.866025 -70.000000  1.994045 -1 
-13.000000 -18.000000  0.922261 -70.000000  1.984687 -1 
-12.000000 -17.000000  1.149306 -70.000000  2.139948 -1 
-12.000000 -18.000000  1.300152 -70.000000  2.069076 -1 
-12.000000 -18.000000  1.401775 -70.000000  1.926547 -1 
-10.000000 -18.000000  1.560367 -70.000000  1.729113 -1 
-10.000000 -18.000000  1.576218 -70.000000  1.899970 -1 
-10.000000 -18.000000  1.560208 -70.000000  1.987983 -1 
-13.000000 -18.000000  1.150624 -70.000000  2.293474 -1 
-13.000000 -18.000000  1.103935 -70.000000  2.124862 -1 
-13.000000 -18.000000  1.061097 -70.000000  1.990381 -1 
-13.000000 -18.000000  1.040485 -71.000000  1.539967 -1 
-13.000000 -17.000000  0.906498 -71.000000  1.627808 -1 
-13.000000 -17.000000  1.073015 -71.000000  1.869010 -1 
-12.000000 -17.000000  1.202096 -71.000000  2.014905 -1 
-11.000000 -17.000000  1.693880 -71.000000  2.085358 -1 
-11.000000 -17.000000  1.750188 -71.000000  2.105132 -1 
-11.000000 -18.000000  1.879853 -71.000000  2.274947 -1 
-13.000000 -18.000000  1.048299 -72.000000  1.957662 -1 
-13.000000 -18.000000  1.268332 -71.000000  2.122473 -1 
-12.000000 -18.000000  1.371522 -71.000000  2.135191 -1 
-12.000000 -18.000000  1.243334 -71.000000  1.953731 -1 
-12.000000 -18.000000  1.207080 -72.000000  1.732220 -1 
-13.000000 -17.000000  1.115483 -72.000000  1.668983 -1 
-13.000000 -18.000000  1.200165 -73.000000  1.333616 -1 
-14.000000 -20.000000  1.046382 -75.000000  1.070403 -1 
-14.000000 -20.000000  1.238786 -75.000000  1.250157 -1 
-15.000000 -20.000000  1.114013 -74.000000  1.333734 -1 
-14.000000 -19.000000  1.274604 -74.000000  1.515053 -1 
-14.000000 -19.000000  1.543487 -74.000000  1.782266 -1 
-14.000000 -20.000000  1.718927 -73.000000  2.552350 -1 
-14.000000 -20.000000  1.536835 -71.000000  2.668355 -1 
-14.000000 -20.000000  1.433493 -71.000000  2.328005 -1 
-14.000000 -20.000000  1.479452 -71.000000  1.724950 -1 
-14.000000 -20.000000  1.396311 -73.000000  1.583126 -1 
-14.000000 -18.000000  1.176697 -73.000000  1.727418 -1 
-14.000000 -18.000000  0.765607 -74.000000  1.600481 -1 
-12.000000 -20.000000  1.643168 -73.000000  1.716720 -1 
-12.000000 -20.000000  1.617001 -73.000000  1.632777 -1 
-12.000000 -20.000000  1.575382 -73.000000  1.610585 -1 
-12.000000 -19.000000  1.608733 -73.000000  1.592861 -1 
-13.000000 -19.000000  1.468874 -74.000000  1.490137 -1 
-14.000000 -19.000000  1.394831 -74.000000  1.549740 -1 
-12.000000 -19.000000  1.370133 -74.000000  1.494975 -1 
-12.000000 -19.000000  1.471729 -74.000000  1.481031 -1 
-12.000000 -19.000000  1.514898 -74.000000  1.493489 -1 
-13.000000 -19.000000  1.227164 -71.000000  1.881819 -1 
-14.000000 -18.000000  1.053134 -71.000000  1.923538 -1 
-15.000000 -19.000000  0.971941 -70.000000  2.345064 -1 
-14.000000 -19.000000  1.224469 -69.000000  2.175809 -1 
-14.000000 -19.000000  1.272839 -68.000000  2.260112 -1 
-14.000000 -19.000000  1.298668 -68.000000  2.087662 -1 
-13.000000 -18.000000  1.357789 -68.000000  2.098687 -1 
-12.000000 -18.000000  1.381492 -69.000000  1.887500 -1 
-12.000000 -18.000000  1.350769 -69.000000  2.197263 -1 
-12.000000 -18.000000  1.407807 -71.000000  1.819154 -1 
-13.000000 -18.000000  1.507046 -71.000000  1.905315 -1 
-12.000000 -18.000000  1.499906 -71.000000  1.391154 -1 
-12.000000 -17.000000  1.263459 -71.000000  1.743754 -1 
-7.000000 -10.000000  1.224745 -52.000000  1.329160 1 
-7.000000 -12.000000  1.628626 -52.000000  1.902166 1 
-7.000000 -12.000000  1.628626 -52.000000  1.902166 1 
-7.000000 -12.000000  1.628626 -52.000000  1.902166 1 
-8.000000 -12.000000  1.301708 -52.000000  2.121320 1 
-7.000000 -12.000000  1.570197 -50.000000  2.404327 1 
-7.000000 -13.000000  1.658073 -50.000000  2.243863 1 
-5.000000 -13.000000  1.887477 -47.000000  2.856284 1 
-5.000000 -14.000000  2.364138 -45.000000  2.432477 1 
-5.000000 -14.000000  2.234482 -45.000000  2.020726 1 
-7.000000 -14.000000  2.111556 -45.000000  1.835745 1 
-7.000000 -13.000000  2.207112 -46.000000  1.634783 1 
-13.000000 -13.000000  0.000000 -46.000000  1.133893 1 
-13.000000 -13.000000  0.000000 -46.000000  1.133893 -1 
-12.000000 -13.000000  0.408248 -52.000000  2.875181 -1 
-7.000000 -13.000000  2.171494 -48.000000  2.606501 -1 
-7.000000 -13.000000  2.257890 -48.000000  2.878540 -1 
-7.000000 -14.000000  2.223653 -46.000000  3.716052 1 
-7.000000 -14.000000  1.970649 -46.000000  4.045636 1 
-8.000000 -14.000000  1.472980 -46.000000  4.431663 -1 
-9.000000 -13.000000  1.552125 -46.000000  2.091003 -1 
-6.000000 -13.000000  2.023669 -46.000000  2.193063 1 
-6.000000 -13.000000  2.023669 -46.000000  2.193063 1 
-6.000000 -13.000000  2.504541 -47.000000  1.858641 1 
-7.000000 -9.000000  1.414214 -53.000000  3.535534 1 
-7.000000 -9.000000  0.983192 -46.000000  4.732864 -1 
-7.000000 -25.000000  7.537088 -46.000000  10.248202 -1 
-7.000000 -25.000000  7.958224 -46.000000  9.696690 -1 
-7.000000 -25.000000  5.366236 -48.000000  6.917981 -1 
-6.000000 -25.000000  6.255564 -50.000000  6.585047 -1 
-6.000000 -25.000000  8.933875 -50.000000  8.667795 -1 
-6.000000 -25.000000  5.892112 -45.000000  7.004146 -1 
-6.000000 -13.000000  2.044936 -45.000000  2.985255 -1 
-7.000000 -13.000000  1.514010 -45.000000  2.730438 -1 
-7.000000 -13.000000  1.536755 -48.000000  2.494438 -1 
-8.000000 -13.000000  1.332917 -48.000000  2.282542 -1 
-8.000000 -14.000000  1.816699 -49.000000  4.207560 1 
-8.000000 -14.000000  1.592345 -51.000000  3.127108 1 
-8.000000 -14.000000  1.583373 -51.000000  3.237720 1 
-9.000000 -13.000000  1.399325 -51.000000  3.095048 1 
-9.000000 -14.000000  1.101368 -51.000000  2.851025 1 
-12.000000 -14.000000  0.229416 -51.000000  2.820783 1 
-6.000000 -14.000000  2.674095 -51.000000  2.765253 1 
-6.000000 -13.000000  2.428249 -52.000000  2.930272 1 
-6.000000 -13.000000  1.732051 -52.000000  2.567788 1 
-7.000000 -13.000000  1.722053 -50.000000  2.885451 1 
-8.000000 -13.000000  1.984998 -50.000000  1.767254 1 
-12.000000 -13.000000  0.223607 -50.000000  1.700619 -1 
-12.000000 -13.000000  0.164399 -48.000000  1.740267 -1 
-13.000000 -13.000000  0.000000 -47.000000  1.884848 -1 
-12.000000 -13.000000  0.144338 -46.000000  2.202412 -1 
-12.000000 -13.000000  0.185695 -46.000000  1.915712 -1 
-12.000000 -13.000000  0.185695 -46.000000  3.222840 1 
-12.000000 -13.000000  0.253708 -48.000000  2.386745 1 
-12.000000 -13.000000  0.282057 -46.000000  3.285519 1 
-12.000000 -13.000000  0.282057 -46.000000  2.839200 1 
-12.000000 -14.000000  0.310597 -46.000000  2.719141 1 
-12.000000 -14.000000  0.295626 -46.000000  3.017317 1 
-12.000000 -14.000000  0.404651 -44.000000  4.240573 1 
-13.000000 -13.000000  0.000000 -44.000000  4.917450 1 
-13.000000 -13.000000  0.000000 -44.000000  4.650693 1 
-13.000000 -14.000000  0.280306 -51.000000  3.610720 1 
-13.000000 -14.000000  0.334932 -53.000000  3.262451 1 
-13.000000 -14.000000  0.368902 -53.000000  3.121207 1 
-13.000000 -14.000000  0.257881 -58.000000  2.011665 1 
-13.000000 -14.000000  0.235504 -58.000000  2.700140 -1 
-12.000000 -14.000000  0.331027 -56.000000  2.983262 -1 
-12.000000 -14.000000  0.365741 -56.000000  2.850325 -1 
-11.000000 -14.000000  0.494872 -56.000000  3.015335 -1 
-11.000000 -14.000000  0.481594 -58.000000  2.621181 1 
-11.000000 -13.000000  0.548319 -58.000000  3.072118 1 
-13.000000 -13.000000  0.000000 -59.000000  2.065591 1 
-13.000000 -13.000000  0.000000 -61.000000  1.527525 1 
-7.000000 -12.000000  1.628626 -52.000000  1.902166 1 
-13.000000 -14.000000  0.469668 -60.000000  2.603730 1 
-13.000000 -14.000000  0.392859 -58.000000  2.428494 -1 
-13.000000 -14.000000  0.475595 -58.000000  2.878927 -1 
-13.000000 -15.000000  0.535595 -58.000000  3.144327 -1 
-13.000000 -15.000000  0.553066 -59.000000  3.124315 -1 
-13.000000 -15.000000  0.608798 -60.000000  3.216031 -1 
-13.000000 -16.000000  0.790845 -60.000000  3.640334 -1 
-13.000000 -16.000000  0.925587 -60.000000  3.438536 -1 
-13.000000 -16.000000  0.938296 -60.000000  3.671898 -1 
-13.000000 -16.000000  0.822577 -60.000000  3.390104 -1 
-13.000000 -16.000000  0.639039 -60.000000  2.952298 -1 
-13.000000 -16.000000  0.623459 -60.000000  2.743817 -1 
-13.000000 -16.000000  0.676273 -61.000000  2.995477 -1 
-13.000000 -15.000000  0.588016 -57.000000  3.406997 -1 
-12.000000 -15.000000  0.668923 -57.000000  3.587644 -1 
-12.000000 -15.000000  0.658363 -57.000000  3.286335 -1 
-12.000000 -15.000000  0.709856 -58.000000  3.059582 -1 
-13.000000 -16.000000  0.773014 -60.000000  2.953794 -1 
-13.000000 -16.000000  0.879703 -60.000000  3.009916 -1 
-13.000000 -17.000000  1.047641 -62.000000  2.652377 -1 
-13.000000 -17.000000  1.057919 -62.000000  2.784698 -1 
-13.000000 -17.000000  1.110851 -63.000000  2.463027 -1 
-13.000000 -15.000000  0.603765 -60.000000  2.516448 -1 
-13.000000 -16.000000  0.773207 -60.000000  2.502902 -1 
-13.000000 -16.000000  0.773207 -60.000000  2.502902 -1 
-13.000000 -16.000000  0.949262 -61.000000  2.623855 -1 
-13.000000 -14.000000  0.494535 -55.000000  4.940222 -1 
-13.000000 -15.000000  0.667220 -55.000000  4.479064 1 
-13.000000 -15.000000  0.622325 -55.000000  3.989074 1 
-13.000000 -15.000000  0.661138 -59.000000  2.969542 1 
-13.000000 -14.000000  0.506623 -59.000000  2.514624 1 
-13.000000 -13.000000  0.000000 -59.000000  1.414214 1 
-7.000000 -12.000000  1.628626 -52.000000  1.902166 -1 
-7.000000 -12.000000  1.628626 -52.000000  1.902166 -1 
-13.000000 -14.000000  0.516398 -65.000000  2.538591 -1 
-13.000000 -15.000000  0.550120 -64.000000  2.542274 -1 
-13.000000 -15.000000  0.648470 -63.000000  2.352168 -1 
-13.000000 -15.000000  0.639196 -63.000000  2.284732 -1 
-13.000000 -16.000000  0.836570 -63.000000  2.771597 -1 
-13.000000 -16.000000  0.870090 -64.000000  2.901439 -1 
-13.000000 -16.000000  0.864438 -68.000000  2.028641 -1 
-14.000000 -17.000000  0.833550 -70.000000  1.687745 -1 
-14.000000 -18.000000  0.908407 -68.000000  1.997676 -1 
-14.000000 -18.000000  0.889907 -67.000000  2.123592 -1 
-13.000000 -18.000000  0.965361 -67.000000  2.208356 -1 
-13.000000 -17.000000  0.955049 -67.000000  2.277266 -1 
-13.000000 -18.000000  1.145038 -67.000000  2.352135 -1 
-13.000000 -18.000000  1.066200 -65.000000  2.514555 -1 
-13.000000 -18.000000  0.969301 -65.000000  2.298029 -1 
-13.000000 -16.000000  0.893823 -65.000000  2.245403 -1 
-13.000000 -17.000000  0.945955 -70.000000  1.844199 -1 
-13.000000 -18.000000  1.117279 -70.000000  3.377907 -1 
-13.000000 -18.000000  1.199882 -72.000000  3.085010 -1 
-13.000000 -18.000000  1.215572 -72.000000  2.772314 -1 
-13.000000 -18.000000  1.110909 -72.000000  2.459841 -1 
-13.000000 -18.000000  1.062323 -75.000000  1.965522 -1 
-10.000000 -18.000000  1.236338 -73.000000  1.690368 -1 
-10.000000 -18.000000  1.443474 -73.000000  1.624234 -1 
-10.000000 -18.000000  1.367527 -73.000000  1.765470 -1 
-15.000000 -18.000000  1.028390 -74.000000  1.901797 -1 
-14.000000 -19.000000  0.933563 -71.000000  2.001660 -1 
-14.000000 -19.000000  1.094783 -71.000000  1.997099 -1 
-14.000000 -20.000000  1.339941 -71.000000  2.156094 -1 
-13.000000 -20.000000  1.327384 -73.000000  1.909951 -1 
-13.000000 -20.000000  1.380333 -73.000000  1.680500 -1 
-13.000000 -20.000000  1.407793 -73.000000  1.806055 -1 
-14.000000 -20.000000  1.371522 -74.000000  1.889310 -1 
-14.000000 -20.000000  1.377380 -75.000000  1.699119 -1 
-14.000000 -20.000000  1.337845 -76.000000  1.880242 -1 
-14.000000 -19.000000  1.185958 -74.000000  1.945224 -1 
-14.000000 -19.000000  1.255496 -74.000000  2.081395 -1 
-14.000000 -18.000000  1.059806 -68.000000  2.126012 -1 
-15.000000 -16.000000  0.547723 -73.000000  1.516575 -1 
-15.000000 -19.000000  1.288057 -72.000000  1.831955 -1 
-13.000000 -19.000000  1.191367 -69.000000  1.911078 -1 
-13.000000 -19.000000  1.116512 -69.000000  1.990838 -1 
-13.000000 -17.000000  0.905570 -69.000000  1.947388 -1 
-14.000000 -17.000000  0.967906 -70.000000  2.188487 -1 
-13.000000 -18.000000  1.164359 -69.000000  1.926516 -1 
-13.000000 -18.000000  1.148902 -67.000000  2.314550 -1 
-13.000000 -18.000000  1.155190 -64.000000  2.937003 -1 
-13.000000 -16.000000  0.788719 -64.000000  2.599700 -1 
-13.000000 -17.000000  0.862498 -64.000000  2.654724 -1 
-13.000000 -17.000000  0.979671 -63.000000  3.128742 -1 
-13.000000 -18.000000  1.306549 -63.000000  3.565123 -1 
-13.000000 -19.000000  1.307950 -63.000000  3.459042 -1 
-13.000000 -19.000000  1.307950 -62.000000  3.595509 -1 
-13.000000 -19.000000  1.016252 -62.000000  3.332768 -1 
-13.000000 -16.000000  0.796333 -62.000000  3.320737 -1 
-13.000000 -16.000000  0.825537 -64.000000  2.900742 -1 
-13.000000 -17.000000  0.993976 -64.000000  3.071960 -1 
-13.000000 -17.000000  0.935802 -64.000000  2.804509 -1 
-12.000000 -17.000000  0.995951 -61.000000  3.211878 -1 
-8.000000 -15.000000  1.263685 -61.000000  2.935256 -1 
-8.000000 -15.000000  1.320173 -61.000000  3.028306 -1 
-8.000000 -15.000000  1.712841 -64.000000  2.766661 -1 
-11.000000 -14.000000  0.589592 -56.000000  3.758799 -1 
-11.000000 -15.000000  0.703649 -56.000000  4.435032 -1 
-11.000000 -15.000000  0.724666 -56.000000  4.754302 -1 
-11.000000 -15.000000  0.699687 -57.000000  4.641563 1 
-12.000000 -15.000000  0.645606 -57.000000  4.825179 -1 
-12.000000 -14.000000  0.377964 -57.000000  2.695676 -1 
-14.000000 -16.000000  0.816497 -64.000000  2.338090 -1 
-11.000000 -16.000000  0.970329 -55.000000  4.791017 -1 
-11.000000 -16.000000  0.891181 -55.000000  4.690210 -1 
-11.000000 -16.000000  0.916657 -55.000000  4.634708 1 
-12.000000 -16.000000  0.892651 -58.000000  3.775443 1 
-9.000000 -16.000000  2.014441 -57.000000  4.436141 1 
-9.000000 -15.000000  1.445665 -57.000000  4.104456 1 
-9.000000 -15.000000  1.154701 -57.000000  3.515858 1 
-12.000000 -15.000000  0.563484 -56.000000  3.544511 1 
-12.000000 -16.000000  0.908399 -56.000000  4.125005 -1 
-13.000000 -16.000000  1.011199 -56.000000  4.595500 -1 
-13.000000 -16.000000  1.053565 -60.000000  4.218214 -1 
-13.000000 -15.000000  0.534522 -58.000000  3.604817 -1 
-13.000000 -15.000000  0.521489 -58.000000  3.130300 -1 
-13.000000 -16.000000  0.574835 -58.000000  2.742491 -1 
-13.000000 -16.000000  0.591404 -59.000000  2.757248 -1 
-13.000000 -16.000000  0.718812 -59.000000  3.254783 -1 
-13.000000 -15.000000  0.672636 -59.000000  3.231891 -1 
-13.000000 -15.000000  0.799305 -61.000000  2.617352 1 
-13.000000 -15.000000  0.645497 -61.000000  2.378375 1 
-13.000000 -15.000000  0.653863 -61.000000  2.425708 1 
-13.000000 -14.000000  0.506370 -61.000000  2.358835 1 
-13.000000 -15.000000  0.628810 -59.000000  3.070812 1 
-13.000000 -15.000000  0.577115 -59.000000  2.730104 -1 
-11.000000 -15.000000  0.673132 -57.000000  3.463245 -1 
-11.000000 -15.000000  0.600019 -57.000000  3.387414 -1 
-11.000000 -15.000000  0.570295 -57.000000  3.626265 -1 
-13.000000 -14.000000  0.356348 -57.000000  2.865596 -1 
-13.000000 -15.000000  0.527565 -57.000000  3.106485 1 
-13.000000 -15.000000  0.484367 -57.000000  3.021410 1 
-13.000000 -15.000000  0.484686 -57.000000  3.057647 1 
-10.000000 -14.000000  0.608798 -57.000000  2.377807 1 
-10.000000 -14.000000  0.552384 -57.000000  2.640901 1 
-10.000000 -14.000000  0.488294 -55.000000  2.842672 1 
-9.000000 -14.000000  0.980196 -55.000000  2.787507 1 
-9.000000 -14.000000  0.966417 -55.000000  3.075341 -1 
-9.000000 -14.000000  0.978633 -56.000000  2.785607 -1 
-12.000000 -14.000000  0.328798 -56.000000  2.895526 -1 
-9.000000 -14.000000  1.142730 -56.000000  2.378782 -1 
-8.000000 -14.000000  1.790715 -53.000000  2.713992 -1 
-8.000000 -14.000000  1.657972 -52.000000  3.474687 -1 
-7.000000 -13.000000  1.521503 -52.000000  3.297148 -1 
-7.000000 -13.000000  1.519531 -51.000000  2.453263 -1 
-7.000000 -13.000000  1.645265 -51.000000  1.899572 -1 
-10.000000 -13.000000  1.109400 -51.000000  3.226493 -1 
-9.000000 -13.000000  1.414214 -51.000000  3.845220 -1 
-8.000000 -14.000000  1.651107 -49.000000  3.632333 1 
-8.000000 -14.000000  1.751886 -49.000000  3.307332 1 
-8.000000 -14.000000  1.610446 -49.000000  3.092673 1 
-8.000000 -14.000000  1.546660 -52.000000  2.751114 1 
-9.000000 -14.000000  1.343433 -53.000000  3.198289 1 
-9.000000 -14.000000  1.428475 -54.000000  2.973089 1 
-9.000000 -14.000000  1.484150 -54.000000  2.784457 1 
-9.000000 -14.000000  1.688098 -55.000000  2.033221 1 
-9.000000 -13.000000  1.870829 -56.000000  1.581139 1 
-13.000000 -20.000000  1.356801 -68.000000  2.284588 1 
-13.000000 -13.000000  0.000000 -59.000000  0.000000 -1 
-13.000000 -13.000000  0.000000 -53.000000  2.654735 -1 
-7.000000 -13.000000  1.264429 -48.000000  3.758243 -1 
-7.000000 -13.000000  1.375635 -48.000000  3.456714 -1 
-7.000000 -14.000000  1.448872 -48.000000  2.228712 1 
-9.000000 -14.000000  1.162348 -49.000000  1.621424 1 
-13.000000 -14.000000  0.213083 -49.000000  2.649098 1 
-13.000000 -14.000000  0.199915 -49.000000  3.491852 1 
-12.000000 -14.000000  0.224867 -47.000000  4.001800 1 
-12.000000 -14.000000  0.224867 -44.000000  4.416040 1 
-8.000000 -14.000000  0.993055 -44.000000  4.082621 1 
-8.000000 -14.000000  1.262617 -44.000000  3.867179 1 
-8.000000 -13.000000  1.254084 -49.000000  2.056033 1 
-7.000000 -13.000000  1.753208 -51.000000  1.726794 1 
-7.000000 -14.000000  1.654210 -51.000000  2.231227 1 
-7.000000 -14.000000  1.710304 -51.000000  2.982577 1 
-8.000000 -14.000000  1.629183 -52.000000  3.373208 1 
-8.000000 -14.000000  1.708863 -52.000000  3.374852 1 
-8.000000 -14.000000  1.620373 -52.000000  3.453701 1 
-7.000000 -14.000000  1.924806 -52.000000  3.290044 1 
-7.000000 -14.000000  1.912092 -53.000000  3.261939 1 
-7.000000 -14.000000  2.083889 -54.000000  3.404595 1 
-7.000000 -14.000000  1.785611 -52.000000  3.263489 1 
-7.000000 -13.000000  1.709683 -51.000000  2.937443 -1 
-7.000000 -13.000000  1.606703 -51.000000  2.529565 -1 
-7.000000 -13.000000  1.478566 -51.000000  2.744280 -1 
-7.000000 -13.000000  1.280726 -52.000000  2.826360 1 
-7.000000 -12.000000  1.051251 -52.000000  3.288578 1 
-7.000000 -14.000000  2.220967 -52.000000  2.626175 1 
-8.000000 -14.000000  1.388840 -53.000000  2.662633 1 
-8.000000 -14.000000  1.414214 -50.000000  2.945635 1 
-9.000000 -14.000000  1.167748 -50.000000  2.986502 -1 
-9.000000 -13.000000  1.105105 -50.000000  1.772168 1 
-12.000000 -13.000000  0.150756 -48.000000  2.049081 1 
-13.000000 -13.000000  0.000000 -48.000000  2.016187 1 
-13.000000 -13.000000  0.000000 -48.000000  2.031228 1 
-13.000000 -13.000000  0.000000 -48.000000  1.834590 1 
-13.000000 -14.000000  0.179605 -48.000000  2.459128 1 
-9.000000 -14.000000  0.915386 -48.000000  2.402346 1 
-9.000000 -14.000000  0.915386 -48.000000  2.402346 1 
-9.000000 -14.000000  1.346666 -51.000000  3.291607 1 
-9.000000 -14.000000  1.252125 -54.000000  3.078289 1 
-9.000000 -14.000000  1.206837 -53.000000  3.049147 1 
-13.000000 -14.000000  0.303822 -52.000000  2.770610 1 
-12.000000 -14.000000  0.408680 -48.000000  3.172540 1 
-10.000000 -14.000000  0.911841 -48.000000  3.528882 1 
-8.000000 -14.000000  1.969829 -47.000000  3.143417 1 
-8.000000 -13.000000  1.807939 -47.000000  2.150023 1 
-8.000000 -13.000000  1.502976 -47.000000  2.544768 1 
-12.000000 -18.000000  1.758637 -69.000000  2.940702 -1 
-12.000000 -18.000000  1.986862 -72.000000  1.596126 -1 
-12.000000 -17.000000  1.619328 -72.000000  1.897367 -1 
-9.000000 -17.000000  2.166850 -70.000000  1.995232 -1 
-7.000000 -17.000000  2.533142 -66.000000  2.660953 1 
-7.000000 -17.000000  2.546537 -64.000000  3.087392 1 
-7.000000 -16.000000  2.345433 -61.000000  3.089914 1 
-7.000000 -16.000000  2.502173 -61.000000  2.632021 -1 
-8.000000 -13.000000  2.061553 -61.000000  4.654747 -1 
-7.000000 -16.000000  3.284161 -64.000000  1.302470 1 
-7.000000 -16.000000  2.293469 -64.000000  2.350886 1 
-7.000000 -16.000000  2.004540 -64.000000  2.802776 1 
-7.000000 -17.000000  2.398702 -64.000000  3.427992 1 
-7.000000 -17.000000  2.556258 -65.000000  3.180296 1 
-8.000000 -17.000000  2.482318 -68.000000  2.675284 1 
-7.000000 -17.000000  2.548303 -63.000000  2.267157 1 
-7.000000 -17.000000  3.515391 -63.000000  2.350969 1 
-7.000000 -19.000000  3.643545 -63.000000  3.334929 1 
-8.000000 -19.000000  2.879362 -63.000000  3.362187 1 
-8.000000 -19.000000  3.021075 -65.000000  3.000316 1 
-5.000000 -17.000000  3.296003 -61.000000  3.146065 1 
-5.000000 -15.000000  2.321427 -61.000000  2.539925 1 
-5.000000 -15.000000  2.242388 -60.000000  2.906501 1 
-7.000000 -17.000000  2.511194 -60.000000  3.066737 1 
-7.000000 -17.000000  3.301515 -60.000000  3.238865 1 
-7.000000 -17.000000  3.311111 -63.000000  2.139126 1 
-7.000000 -18.000000  3.577709 -63.000000  2.280351 1 
-7.000000 -18.000000  3.271703 -63.000000  2.496867 -1 
-16.000000 -18.000000  0.605250 -64.000000  2.611261 -1 
-16.000000 -18.000000  0.599048 -64.000000  2.619516 -1 
-16.000000 -18.000000  0.618347 -64.000000  2.672023 -1 
-10.000000 -16.000000  2.267787 -64.000000  1.889822 -1 
-7.000000 -17.000000  2.764241 -63.000000  2.418471 -1 
-7.000000 -17.000000  3.305309 -62.000000  2.465676 1 
-7.000000 -17.000000  2.957849 -62.000000  2.307627 1 
-7.000000 -16.000000  1.948733 -62.000000  1.774137 1 
-7.000000 -15.000000  1.825742 -62.000000  1.974914 1 
-7.000000 -10.000000  0.951190 -63.000000  2.299068 1 
-7.000000 -10.000000  1.032796 -63.000000  2.422120 1 
-6.000000 -12.000000  1.838191 -60.000000  3.830625 -1 
-6.000000 -12.000000  1.734824 -60.000000  3.281651 -1 
-6.000000 -12.000000  1.706734 -58.000000  3.455941 -1 
-6.000000 -16.000000  2.137520 -58.000000  3.559692 -1 
-6.000000 -16.000000  2.137520 -58.000000  4.115768 -1 
-7.000000 -17.000000  3.661814 -59.000000  3.732746 -1 
-5.000000 -17.000000  3.752363 -59.000000  3.579445 -1 
-5.000000 -17.000000  3.667354 -59.000000  3.308909 -1 
-5.000000 -16.000000  3.541987 -59.000000  3.247084 -1 
-5.000000 -17.000000  3.447822 -59.000000  3.328914 -1 
-5.000000 -17.000000  3.178139 -59.000000  3.219994 1 
-5.000000 -17.000000  2.463320 -59.000000  3.113046 1 
-5.000000 -11.000000  1.587969 -59.000000  2.219551 1 
-7.000000 -14.000000  2.088932 -62.000000  2.453198 1 
-7.000000 -14.000000  1.962079 -62.000000  2.594993 1 
-7.000000 -14.000000  1.794428 -62.000000  2.382743 1 
-7.000000 -17.000000  2.104516 -62.000000  2.880888 1 
-7.000000 -17.000000  2.185702 -62.000000  2.643468 1 
-7.000000 -17.000000  2.670123 -62.000000  2.885349 1 
-7.000000 -17.000000  3.395609 -63.000000  2.237487 -1 
-16.000000 -17.000000  0.377964 -64.000000  2.257088 -1 
-16.000000 -17.000000  0.361420 -64.000000  2.155258 1 
-16.000000 -17.000000  0.360085 -64.000000  2.571629 1 
-16.000000 -17.000000  0.323732 -63.000000  2.768415 1 
-15.000000 -17.000000  0.398147 -63.000000  3.133716 -1 
-15.000000 -17.000000  0.393262 -63.000000  3.081720 -1 
-15.000000 -17.000000  0.429970 -64.000000  2.902332 1 
-15.000000 -18.000000  0.521379 -64.000000  2.765493 1 
-7.000000 -18.000000  2.707785 -61.000000  2.823189 -1 
-7.000000 -18.000000  3.472193 -61.000000  2.558665 -1 
-7.000000 -17.000000  3.112746 -61.000000  2.668074 -1 
-7.000000 -16.000000  2.955896 -64.000000  2.245769 1 
-8.000000 -13.000000  1.315587 -68.000000  2.331501 1 
-8.000000 -13.000000  1.397570 -65.000000  2.371319 1 
-8.000000 -13.000000  1.480830 -65.000000  2.323619 1 
-8.000000 -16.000000  1.990263 -64.000000  2.434147 -1 
-8.000000 -16.000000  2.039390 -64.000000  2.635066 -1 
-8.000000 -16.000000  1.970044 -64.000000  2.664052 -1 
-8.000000 -16.000000  1.730746 -64.000000  2.593941 -1 
-8.000000 -16.000000  1.864022 -64.000000  2.314045 1 
-9.000000 -16.000000  1.832576 -66.000000  2.246222 -1 
-9.000000 -16.000000  2.139742 -63.000000  2.762654 1 
-9.000000 -17.000000  2.232218 -63.000000  2.765377 1 
-9.000000 -17.000000  2.226754 -63.000000  2.460512 1 
-9.000000 -17.000000  2.313270 -64.000000  1.952172 1 
-9.000000 -17.000000  2.008316 -65.000000  1.851640 1 
-11.000000 -16.000000  1.497473 -66.000000  2.065224 1 
-9.000000 -16.000000  1.778770 -65.000000  2.172459 1 
-9.000000 -17.000000  2.010610 -65.000000  1.967714 1 
-9.000000 -17.000000  2.366882 -65.000000  1.908791 -1 
-8.000000 -17.000000  2.528795 -67.000000  1.880522 -1 
-8.000000 -17.000000  2.109887 -67.000000  2.042090 -1 
-8.000000 -18.000000  2.381905 -67.000000  1.948731 -1 
-9.000000 -18.000000  2.495629 -67.000000  2.013325 -1 
-10.000000 -18.000000  2.710379 -67.000000  2.224983 -1 
-12.000000 -15.000000  1.732051 -70.000000  0.577350 -1 
-8.000000 -16.000000  2.054591 -65.000000  2.312537 1 
-8.000000 -16.000000  1.963115 -65.000000  2.903391 -1 
-8.000000 -16.000000  2.119255 -65.000000  2.742015 -1 
-8.000000 -17.000000  2.236824 -66.000000  2.679769 -1 
-8.000000 -17.000000  2.458580 -66.000000  2.009592 -1 
-10.000000 -17.000000  2.025479 -67.000000  1.656379 -1 
-9.000000 -15.000000  1.519109 -65.000000  2.562050 -1 
-9.000000 -15.000000  1.486293 -65.000000  2.472981 1 
-9.000000 -15.000000  1.355657 -65.000000  2.567860 1 
-16.000000 -19.000000  0.882843 -73.000000  2.034627 -1 
-11.000000 -20.000000  1.646272 -69.000000  2.936004 1 
-16.000000 -17.000000  0.577350 -69.000000  2.645751 1 
-8.000000 -20.000000  3.462390 -65.000000  3.243723 1 
-7.000000 -20.000000  3.290309 -64.000000  3.183394 1 
-7.000000 -20.000000  2.939887 -64.000000  3.041335 1 
-7.000000 -18.000000  2.336821 -64.000000  2.702740 1 
-11.000000 -19.000000  1.665197 -65.000000  2.590509 1 
-11.000000 -19.000000  1.762302 -65.000000  2.491423 1 
-12.000000 -19.000000  1.453583 -66.000000  2.587189 1 
-16.000000 -19.000000  0.737804 -68.000000  2.043874 1 
-15.000000 -19.000000  0.910359 -68.000000  2.114457 1 
-13.000000 -19.000000  1.125040 -67.000000  2.660674 1 
-13.000000 -19.000000  1.351643 -66.000000  2.961246 1 
-13.000000 -18.000000  1.403064 -66.000000  2.599803 1 
-13.000000 -18.000000  1.474397 -66.000000  2.661694 1 
-11.000000 -18.000000  2.137387 -66.000000  2.546411 1 
-11.000000 -21.000000  2.178586 -66.000000  2.825384 1 
-11.000000 -21.000000  1.881643 -66.000000  2.926144 1 
-14.000000 -21.000000  1.248075 -66.000000  2.761716 1 
-14.000000 -19.000000  0.994885 -66.000000  2.809677 -1 
-16.000000 -19.000000  0.924052 -68.000000  2.601217 -1 
-16.000000 -19.000000  0.865345 -66.000000  2.911142 -1 
-15.000000 -19.000000  0.835195 -66.000000  2.894682 1 
-10.000000 -18.000000  1.890428 -66.000000  3.033045 1 
-10.000000 -18.000000  2.388004 -67.000000  2.811948 1 
-10.000000 -17.000000  2.429079 -64.000000  2.478930 1 
-10.000000 -17.000000  2.380198 -64.000000  2.620634 1 
-10.000000 -17.000000  1.997074 -64.000000  2.480332 1 
-10.000000 -17.000000  1.652629 -65.000000  2.540849 1 
-9.000000 -17.000000  2.019513 -65.000000  2.542347 1 
-9.000000 -17.000000  2.166710 -64.000000  2.747366 1 
-9.000000 -17.000000  2.363189 -64.000000  2.670764 1 
-10.000000 -17.000000  2.211980 -64.000000  2.662695 1 
-8.000000 -16.000000  2.636148 -65.000000  2.160247 1 
-7.000000 -16.000000  3.074085 -63.000000  2.931358 1 
-7.000000 -16.000000  2.966425 -62.000000  3.097915 1 
-6.000000 -16.000000  3.416643 -61.000000  2.238341 1 
-6.000000 -17.000000  3.480187 -61.000000  2.436426 1 
-6.000000 -17.000000  3.510378 -61.000000  2.679532 1 
-8.000000 -17.000000  3.378503 -65.000000  2.369448 1 
-7.000000 -17.000000  3.606339 -62.000000  2.875247 1 
-7.000000 -17.000000  3.925097 -60.000000  3.391700 -1 
-7.000000 -17.000000  3.884309 -60.000000  3.172801 -1 
-7.000000 -17.000000  3.578182 -60.000000  3.527575 -1 
-7.000000 -17.000000  2.775919 -63.000000  2.811951 -1 
-7.000000 -17.000000  2.200092 -61.000000  3.255868 -1 
-8.000000 -17.000000  1.958836 -58.000000  4.028685 -1 
-8.000000 -17.000000  2.013889 -58.000000  3.698966 -1 
-8.000000 -17.000000  2.532371 -58.000000  3.972215 1 
-8.000000 -17.000000  3.073298 -61.000000  3.448858 1 
-8.000000 -17.000000  2.839379 -61.000000  3.095147 1 
-8.000000 -17.000000  2.811397 -63.000000  2.383737 1 
-6.000000 -17.000000  3.048315 -60.000000  2.588808 1 
-6.000000 -17.000000  3.067614 -60.000000  2.333526 1 
-6.000000 -17.000000  3.357488 -60.000000  2.397298 1 
-7.000000 -16.000000  3.586408 -61.000000  1.444630 1 
-7.000000 -16.000000  3.577812 -59.000000  1.852374 1 
-7.000000 -16.000000  3.217888 -58.000000  1.857874 1 
-6.000000 -16.000000  2.273092 -58.000000  2.064223 1 
-6.000000 -16.000000  1.591468 -58.000000  2.104435 1 
-6.000000 -16.000000  1.955575 -61.000000  2.006782 -1 
-8.000000 -16.000000  3.362691 -62.000000  2.428464 1 
-8.000000 -17.000000  2.759103 -62.000000  2.838192 1 
-8.000000 -17.000000  2.701052 -62.000000  2.827448 1 
-8.000000 -17.000000  2.389194 -62.000000  2.705689 1 
-9.000000 -17.000000  2.296870 -62.000000  2.588907 1 
-10.000000 -16.000000  2.024846 -62.000000  2.449490 1 
-12.000000 -12.000000  0.000000 -69.000000  0.000000 1 
-6.000000 -12.000000  2.043961 -58.000000  4.056545 1 
-6.000000 -17.000000  3.752241 -58.000000  2.713313 1 
-6.000000 -17.000000  3.577937 -58.000000  2.574680 1 
-7.000000 -17.000000  3.496568 -59.000000  2.574100 1 
-7.000000 -19.000000  3.534295 -61.000000  2.781293 1 
-7.000000 -19.000000  3.880270 -61.000000  2.664848 1 
-7.000000 -19.000000  3.590620 -64.000000  2.467832 -1 
-7.000000 -16.000000  2.272794 -64.000000  2.491275 -1 
-7.000000 -17.000000  3.400280 -64.000000  2.088517 1 
-10.000000 -18.000000  2.492518 -64.000000  2.206573 1 
-9.000000 -18.000000  2.549396 -64.000000  2.282591 1 
-7.000000 -18.000000  2.672411 -60.000000  3.098922 1 
-7.000000 -17.000000  2.238006 -59.000000  3.105243 1 
-7.000000 -17.000000  1.683534 -59.000000  2.273988 1 
-15.000000 -17.000000  0.285714 -58.000000  2.044804 1 
-15.000000 -17.000000  0.282843 -58.000000  2.282498 1 
-15.000000 -17.000000  0.308607 -58.000000  2.566762 1 
-15.000000 -16.000000  0.232311 -60.000000  2.844655 1 
-16.000000 -17.000000  0.232311 -62.000000  3.342250 1 
-10.000000 -17.000000  1.180328 -62.000000  3.017605 1 
-10.000000 -17.000000  1.373825 -64.000000  2.458735 1 
-6.000000 -17.000000  3.042555 -63.000000  2.570681 1 
-6.000000 -17.000000  3.017625 -63.000000  2.564672 1 
-6.000000 -17.000000  3.815538 -63.000000  2.396445 1 
-6.000000 -17.000000  4.104329 -64.000000  2.142219 1 
-6.000000 -17.000000  3.801139 -63.000000  2.475785 1 
-6.000000 -17.000000  3.622573 -63.000000  2.730409 1 
-5.000000 -16.000000  3.378299 -63.000000  2.525994 1 
-5.000000 -16.000000  3.558422 -67.000000  2.499892 1 
-5.000000 -16.000000  3.195117 -66.000000  2.161918 1 
-6.000000 -17.000000  3.392040 -66.000000  2.332466 1 
-7.000000 -18.000000  3.089027 -66.000000  2.452717 1 
-9.000000 -18.000000  2.263846 -67.000000  3.019213 1 
-10.000000 -18.000000  2.024481 -67.000000  3.599398 1 
-10.000000 -18.000000  3.067614 -69.000000  3.971049 1 
-10.000000 -18.000000  2.483277 -69.000000  2.466809 1 
-10.000000 -18.000000  2.424522 -69.000000  2.465369 1 
-11.000000 -18.000000  2.327790 -69.000000  1.940309 1 
-11.000000 -19.000000  1.993647 -72.000000  2.173743 -1 
-11.000000 -19.000000  1.933773 -73.000000  1.838746 -1 
-11.000000 -19.000000  2.214792 -76.000000  1.128152 -1 
-7.000000 -15.000000  2.114377 -58.000000  3.147128 1 
-7.000000 -16.000000  2.515119 -58.000000  2.900243 1 
-8.000000 -25.000000  7.540368 -59.000000  27.348283 1 
-8.000000 -25.000000  7.127052 -59.000000  28.551348 1 
-8.000000 -25.000000  6.347791 -59.000000  26.856231 -1 
-10.000000 -25.000000  5.677574 -61.000000  25.963151 -1 
-7.000000 -16.000000  2.741137 -57.000000  2.858314 1 
-7.000000 -17.000000  2.895229 -57.000000  2.172589 1 
-7.000000 -17.000000  3.029178 -57.000000  2.673834 1 
-8.000000 -17.000000  2.824629 -59.000000  2.587399 1 
-8.000000 -17.000000  2.809588 -60.000000  2.533616 1 
-8.000000 -17.000000  2.490656 -59.000000  2.478595 1 
-8.000000 -17.000000  2.011080 -59.000000  2.453860 -1 
-8.000000 -16.000000  1.962079 -58.000000  2.596891 -1 
-9.000000 -16.000000  1.854801 -58.000000  2.403392 -1 
-7.000000 -16.000000  2.076793 -58.000000  3.353815 -1 
-7.000000 -18.000000  2.180810 -60.000000  3.382407 -1 
-7.000000 -18.000000  2.276752 -60.000000  2.848114 -1 
-9.000000 -18.000000  2.230607 -61.000000  2.737722 -1 
-11.000000 -18.000000  1.945135 -64.000000  2.328536 -1 
-11.000000 -18.000000  2.319004 -62.000000  3.497618 -1 
-9.000000 -17.000000  2.301891 -62.000000  2.486326 1 
-9.000000 -17.000000  2.225408 -62.000000  2.201164 1 
-9.000000 -18.000000  2.288415 -61.000000  2.135451 1 
-10.000000 -18.000000  2.297016 -61.000000  2.142219 -1 
-9.000000 -18.000000  2.581492 -61.000000  2.207069 1 
-8.000000 -18.000000  2.847355 -62.000000  2.208631 1 
-8.000000 -18.000000  2.790985 -62.000000  2.445550 1 
-8.000000 -18.000000  2.967878 -62.000000  2.917430 1 
-8.000000 -18.000000  2.871207 -63.000000  2.818661 1 
-8.000000 -18.000000  2.557668 -63.000000  2.891340 -1 
-9.000000 -17.000000  2.128276 -63.000000  2.443953 -1 
-9.000000 -17.000000  2.179814 -66.000000  2.158041 -1 
-9.000000 -17.000000  2.467385 -66.000000  2.044949 -1 
-9.000000 -17.000000  2.326610 -66.000000  2.148325 1 
-9.000000 -17.000000  2.135228 -66.000000  2.115803 1 
-10.000000 -17.000000  2.140009 -66.000000  2.101267 1 
-8.000000 -17.000000  2.320768 -65.000000  2.632456 1 
-8.000000 -19.000000  2.449490 -65.000000  2.777094 1 
-8.000000 -19.000000  2.057004 -65.000000  2.686348 -1 
-10.000000 -19.000000  1.796104 -65.000000  2.418093 -1 
-10.000000 -18.000000  1.665876 -65.000000  2.491284 -1 
-10.000000 -18.000000  1.704813 -69.000000  2.062169 -1 
-11.000000 -18.000000  1.866363 -69.000000  1.970575 -1 
-11.000000 -19.000000  2.243392 -68.000000  1.793654 -1 
-11.000000 -20.000000  2.196497 -68.000000  1.777647 1 
-11.000000 -20.000000  1.716447 -67.000000  1.954854 1 
-10.000000 -20.000000  2.799952 -67.000000  2.193962 -1 
-7.000000 -19.000000  3.240981 -67.000000  2.458411 -1 
-7.000000 -18.000000  2.653066 -67.000000  2.547880 -1 
-7.000000 -18.000000  3.102604 -67.000000  2.432156 -1 
-10.000000 -18.000000  2.481269 -68.000000  2.236068 -1 
-10.000000 -18.000000  2.096509 -68.000000  2.061425 1 
-10.000000 -18.000000  2.000273 -68.000000  2.353001 1 
-12.000000 -19.000000  1.700366 -70.000000  2.140542 1 
-12.000000 -19.000000  1.798960 -70.000000  2.247385 1 
-12.000000 -19.000000  1.906796 -70.000000  1.955575 -1 
-16.000000 -18.000000  0.674949 -70.000000  1.988858 -1 
-16.000000 -18.000000  0.549125 -71.000000  1.447013 -1 
-12.000000 -18.000000  1.004579 -71.000000  1.425781 -1 
-12.000000 -18.000000  1.448163 -70.000000  1.564435 -1 
-12.000000 -18.000000  1.537863 -70.000000  1.856616 -1 
-13.000000 -19.000000  1.566151 -70.000000  2.108453 -1 
-13.000000 -20.000000  1.219401 -71.000000  2.123372 -1 
-13.000000 -21.000000  1.471133 -71.000000  2.003212 -1 
-13.000000 -21.000000  1.505674 -70.000000  2.182527 -1 
-13.000000 -21.000000  1.627280 -68.000000  2.341027 -1 
-12.000000 -19.000000  1.577710 -68.000000  1.994489 -1 
-12.000000 -20.000000  1.582389 -68.000000  2.225367 -1 
-11.000000 -20.000000  1.760441 -70.000000  1.938241 -1 
-11.000000 -20.000000  1.799168 -71.000000  1.773869 -1 
-11.000000 -19.000000  1.834922 -71.000000  2.004485 -1 
-13.000000 -19.000000  1.341641 -73.000000  1.841971 -1 
-13.000000 -19.000000  1.617366 -72.000000  1.775271 -1 
-13.000000 -18.000000  1.691109 -71.000000  1.402109 -1 
-13.000000 -18.000000  1.742710 -71.000000  1.339728 -1 
-13.000000 -19.000000  1.841058 -71.000000  1.860633 -1 
-10.000000 -20.000000  2.631525 -71.000000  1.954820 -1 
-10.000000 -20.000000  2.640062 -69.000000  2.200051 -1 
-10.000000 -20.000000  2.690168 -69.000000  2.872576 -1 
-10.000000 -18.000000  2.588891 -69.000000  3.480392 -1 
-11.000000 -18.000000  1.917316 -72.000000  2.409291 -1 
-11.000000 -19.000000  1.927194 -72.000000  2.531227 -1 
-11.000000 -20.000000  1.954411 -72.000000  2.214455 -1 
-11.000000 -20.000000  1.635584 -75.000000  1.698457 -1 
-13.000000 -20.000000  1.627676 -76.000000  1.305923 -1 
-10.000000 -18.000000  1.981504 -76.000000  1.467354 -1 
-10.000000 -18.000000  1.673320 -74.000000  2.012921 -1 
-7.000000 -17.000000  2.036370 -70.000000  3.211197 -1 
-7.000000 -17.000000  1.917514 -70.000000  2.898933 -1 
-7.000000 -16.000000  1.961398 -70.000000  2.335483 1 
-9.000000 -16.000000  1.721344 -72.000000  1.830186 1 
-9.000000 -19.000000  2.573992 -72.000000  2.802023 1 
-9.000000 -19.000000  2.675380 -72.000000  2.840346 1 
-9.000000 -19.000000  2.730632 -72.000000  3.047247 -1 
-9.000000 -19.000000  1.882701 -73.000000  2.413753 -1 
-9.000000 -19.000000  1.711569 -73.000000  2.517571 -1 
-11.000000 -19.000000  1.669810 -74.000000  2.805940 -1 
-10.000000 -17.000000  1.734992 -74.000000  2.797898 -1 
-10.000000 -17.000000  1.937619 -74.000000  2.602544 -1 
-9.000000 -17.000000  2.133940 -71.000000  3.701684 -1 
-9.000000 -18.000000  2.140044 -71.000000  3.664026 -1 
-9.000000 -18.000000  2.069896 -71.000000  3.390630 1 
-7.000000 -18.000000  2.731715 -71.000000  3.065098 1 
-7.000000 -20.000000  2.894617 -71.000000  3.779960 -1 
-7.000000 -20.000000  2.891356 -71.000000  3.617607 -1 
-9.000000 -20.000000  2.121732 -71.000000  2.947775 -1 
-9.000000 -17.000000  2.245017 -71.000000  2.891631 1 
-9.000000 -17.000000  2.275011 -71.000000  2.792633 1 
-9.000000 -16.000000  2.014652 -73.000000  2.689850 -1 
-7.000000 -16.000000  2.515119 -58.000000  2.900243 -1 
-13.000000 -17.000000  1.224745 -75.000000  1.664101 -1 
-11.000000 -18.000000  1.516399 -74.000000  1.996432 -1 
-11.000000 -19.000000  1.520303 -74.000000  2.053529 -1 
-11.000000 -19.000000  1.804922 -73.000000  2.304799 -1 
-10.000000 -19.000000  1.877300 -73.000000  2.016878 -1 
-10.000000 -18.000000  1.687700 -73.000000  2.080039 -1 
-10.000000 -17.000000  1.596740 -74.000000  1.664256 -1 
-13.000000 -18.000000  1.379928 -74.000000  1.665266 -1 
-13.000000 -21.000000  1.783913 -72.000000  2.846132 -1 
-13.000000 -21.000000  1.681656 -68.000000  3.303824 -1 
-10.000000 -21.000000  1.976915 -68.000000  3.520722 -1 
-10.000000 -18.000000  1.599750 -68.000000  2.906473 -1 
-10.000000 -17.000000  1.510225 -69.000000  3.044712 -1 
-11.000000 -17.000000  1.625159 -67.000000  4.166757 1 
-8.000000 -17.000000  2.510836 -67.000000  4.207730 1 
-8.000000 -17.000000  2.651420 -67.000000  4.377118 1 
-8.000000 -16.000000  2.244393 -67.000000  2.730632 1 
-11.000000 -16.000000  1.330319 -67.000000  2.572315 1 
-11.000000 -16.000000  1.330319 -67.000000  2.572315 1 
-11.000000 -16.000000  1.353677 -70.000000  2.334733 1 
-9.000000 -17.000000  1.792389 -70.000000  2.530188 1 
-9.000000 -17.000000  1.736760 -70.000000  2.650206 1 
-9.000000 -17.000000  2.009230 -70.000000  2.553606 1 
-9.000000 -17.000000  1.757841 -70.000000  2.277761 -1 
-9.000000 -16.000000  1.704167 -72.000000  1.724242 -1 
-11.000000 -15.000000  1.346427 -73.000000  1.348597 -1 
-7.000000 -16.000000  2.515119 -58.000000  2.900243 -1 
-10.000000 -17.000000  1.832888 -67.000000  2.656845 -1 
-10.000000 -18.000000  1.754490 -67.000000  2.085819 -1 
-8.000000 -18.000000  1.840324 -67.000000  2.422679 -1 
-8.000000 -18.000000  1.794951 -67.000000  2.330651 -1 
-7.000000 -15.000000  2.726790 -66.000000  2.522819 -1 
-7.000000 -16.000000  2.656702 -65.000000  3.252460 1 
-7.000000 -17.000000  2.708302 -65.000000  3.058258 1 
-7.000000 -17.000000  2.685965 -65.000000  3.152033 1 
-7.000000 -17.000000  2.556968 -64.000000  2.778595 1 
-6.000000 -16.000000  3.230861 -63.000000  2.810124 1 
-6.000000 -16.000000  2.903468 -63.000000  3.178050 1 
-6.000000 -14.000000  1.909613 -63.000000  2.916348 1 
-6.000000 -16.000000  2.654083 -62.000000  3.556182 1 
-7.000000 -18.000000  3.098065 -62.000000  3.282053 1 
-6.000000 -18.000000  3.125055 -62.000000  3.309526 1 
-6.000000 -18.000000  2.918623 -64.000000  2.398973 1 
-6.000000 -16.000000  2.552497 -64.000000  2.791756 1 
-7.000000 -16.000000  2.292852 -66.000000  2.444386 1 
-7.000000 -16.000000  2.161175 -66.000000  2.215704 1 
-7.000000 -16.000000  2.228297 -65.000000  2.197283 1 
-8.000000 -16.000000  1.993125 -65.000000  2.341610 1 
-8.000000 -15.000000  2.001587 -65.000000  2.567656 1 
-6.000000 -15.000000  3.119251 -60.000000  4.342679 1 
-6.000000 -15.000000  2.973311 -60.000000  3.651219 -1 
-6.000000 -18.000000  2.665997 -60.000000  3.619949 -1 
-6.000000 -18.000000  3.048124 -61.000000  2.874442 -1 
-6.000000 -18.000000  2.920574 -63.000000  2.379612 -1 
-7.000000 -18.000000  2.541411 -63.000000  2.071824 -1 
-7.000000 -18.000000  1.942945 -64.000000  2.356629 -1 
-7.000000 -18.000000  1.857740 -62.000000  2.505517 -1 
-7.000000 -16.000000  1.818530 -62.000000  2.835670 -1 
-10.000000 -15.000000  1.207122 -62.000000  2.713283 -1 
-10.000000 -15.000000  1.101946 -62.000000  2.681506 -1 
-8.000000 -15.000000  1.672554 -62.000000  2.733341 -1 
-7.000000 -15.000000  1.766848 -62.000000  2.677380 -1 
-7.000000 -18.000000  2.124048 -62.000000  2.711974 1 
-7.000000 -18.000000  1.849110 -62.000000  2.606977 -1 
-10.000000 -18.000000  1.489985 -65.000000  2.344063 1 
-10.000000 -19.000000  1.944537 -65.000000  2.303857 -1 
-12.000000 -19.000000  1.769473 -66.000000  2.523453 -1 
-12.000000 -19.000000  2.296242 -66.000000  2.750207 -1 
-15.000000 -15.000000  0.000000 -69.000000  0.000000 -1 
-15.000000 -15.000000  0.000000 -69.000000  0.000000 -1 
-10.000000 -19.000000  1.731725 -64.000000  2.696461 -1 
-10.000000 -19.000000  1.731725 -64.000000  2.696461 -1 
-14.000000 -19.000000  1.363926 -68.000000  1.786386 -1 
-13.000000 -19.000000  1.649916 -68.000000  2.129797 -1 
-12.000000 -19.000000  1.669046 -68.000000  2.373623 -1 
-12.000000 -19.000000  1.611980 -65.000000  2.853423 -1 
-12.000000 -19.000000  1.448241 -65.000000  2.818307 -1 
-13.000000 -18.000000  1.290039 -65.000000  2.975696 -1 
-14.000000 -18.000000  1.127739 -68.000000  2.671790 -1 
-14.000000 -19.000000  1.245146 -67.000000  2.701052 -1 
-13.000000 -19.000000  1.482299 -67.000000  2.858332 -1 
-13.000000 -19.000000  1.448163 -67.000000  2.546960 -1 
-13.000000 -19.000000  1.379839 -67.000000  2.138165 -1 
-13.000000 -19.000000  1.252681 -67.000000  2.228412 -1 
-10.000000 -19.000000  2.027773 -66.000000  2.776974 -1 
-10.000000 -19.000000  1.914905 -66.000000  2.796320 -1 
-10.000000 -18.000000  2.070076 -66.000000  2.691741 -1 
-9.000000 -18.000000  2.094355 -69.000000  2.001023 -1 
-9.000000 -19.000000  2.316973 -70.000000  2.105884 -1 
-9.000000 -19.000000  2.441346 -70.000000  2.256190 -1 
-11.000000 -19.000000  2.142286 -71.000000  2.048494 -1 
-11.000000 -19.000000  2.331063 -73.000000  1.923132 -1 
-11.000000 -20.000000  2.282502 -72.000000  1.941718 -1 
-11.000000 -20.000000  2.114706 -72.000000  2.054452 -1 
-11.000000 -20.000000  1.849850 -70.000000  2.360034 -1 
-13.000000 -19.000000  1.273201 -70.000000  2.320721 -1 
-13.000000 -21.000000  1.495860 -70.000000  2.225652 -1 
-12.000000 -21.000000  1.706384 -68.000000  2.328639 -1 
-8.000000 -21.000000  2.321223 -68.000000  2.646304 -1 
-8.000000 -18.000000  2.315425 -68.000000  2.459966 -1 
-8.000000 -18.000000  2.510993 -67.000000  2.712755 -1 
-9.000000 -18.000000  2.579870 -67.000000  2.689219 -1 
-10.000000 -19.000000  2.170347 -67.000000  2.761716 -1 
-9.000000 -19.000000  2.099343 -69.000000  2.480087 -1 
-9.000000 -19.000000  2.322021 -69.000000  2.275517 -1 
-9.000000 -19.000000  2.342070 -69.000000  2.284035 -1 
-10.000000 -19.000000  1.909332 -72.000000  2.253454 -1 
-13.000000 -19.000000  1.498638 -72.000000  2.382889 -1 
-13.000000 -19.000000  1.465576 -73.000000  2.255329 -1 
-12.000000 -19.000000  1.583815 -72.000000  2.357429 -1 
-12.000000 -19.000000  1.545490 -72.000000  2.335952 -1 
-12.000000 -19.000000  1.670828 -72.000000  2.608855 -1 
-13.000000 -19.000000  1.647251 -72.000000  2.684834 -1 
-13.000000 -19.000000  1.533465 -73.000000  2.239077 -1 
-11.000000 -19.000000  1.599700 -74.000000  1.969470 -1 
-11.000000 -19.000000  1.703685 -74.000000  1.974126 -1 
-11.000000 -19.000000  1.832768 -74.000000  2.156582 -1 
-11.000000 -19.000000  1.611980 -72.000000  2.453662 -1 
-11.000000 -19.000000  1.614697 -70.000000  2.660620 -1 
-13.000000 -20.000000  1.513624 -70.000000  2.442202 -1 
-13.000000 -20.000000  1.602327 -70.000000  2.428718 -1 
-11.000000 -20.000000  2.074430 -73.000000  2.343337 -1 
-11.000000 -19.000000  1.977717 -73.000000  2.430795 -1 
-9.000000 -20.000000  2.163869 -72.000000  2.690138 -1 
-9.000000 -20.000000  2.123316 -70.000000  2.920245 -1 
-9.000000 -20.000000  2.173508 -70.000000  3.003505 -1 
-11.000000 -19.000000  1.899970 -70.000000  2.648739 -1 
-12.000000 -19.000000  1.556742 -73.000000  2.415288 -1 
-10.000000 -19.000000  1.840842 -72.000000  2.449259 -1 
-10.000000 -19.000000  2.258443 -72.000000  2.651670 -1 
-10.000000 -20.000000  2.473826 -72.000000  3.263510 -1 
-10.000000 -20.000000  2.288084 -72.000000  3.158306 -1 
-13.000000 -20.000000  1.814441 -75.000000  2.708236 -1 
-13.000000 -20.000000  1.828528 -75.000000  2.971204 -1 
-13.000000 -21.000000  1.809626 -75.000000  2.843269 -1 
-13.000000 -21.000000  1.459284 -75.000000  2.269534 -1 
-13.000000 -21.000000  1.499153 -75.000000  2.117897 -1 
-13.000000 -20.000000  1.408642 -76.000000  1.687289 -1 
-15.000000 -20.000000  1.226349 -75.000000  1.823836 -1 
-15.000000 -20.000000  1.151321 -75.000000  2.049076 -1 
-12.000000 -20.000000  1.693322 -75.000000  2.221717 -1 
-12.000000 -19.000000  1.899666 -76.000000  2.247221 -1 
-12.000000 -19.000000  1.782632 -75.000000  2.027588 -1 
-13.000000 -19.000000  1.659783 -75.000000  1.976385 -1 
-12.000000 -19.000000  1.916591 -75.000000  2.044351 -1 
-12.000000 -19.000000  2.059887 -76.000000  1.888010 -1 
-12.000000 -20.000000  2.031603 -76.000000  1.859312 -1 
-12.000000 -20.000000  2.339721 -76.000000  1.996820 -1 
-12.000000 -21.000000  2.041657 -76.000000  2.109703 -1 
-13.000000 -21.000000  1.672307 -76.000000  1.882044 -1 
-11.000000 -21.000000  1.957962 -76.000000  1.749495 -1 
-11.000000 -20.000000  2.036631 -76.000000  1.694527 -1 
-11.000000 -21.000000  2.375665 -74.000000  2.214743 -1 
-13.000000 -21.000000  2.145749 -74.000000  2.165145 -1 
-13.000000 -22.000000  2.381279 -74.000000  2.870331 -1 
-14.000000 -22.000000  1.920673 -76.000000  2.480204 -1 
-12.000000 -22.000000  2.218896 -75.000000  2.370700 -1 
-11.000000 -20.000000  2.094585 -74.000000  2.120321 -1 
-11.000000 -19.000000  2.012391 -74.000000  2.148446 -1 
-11.000000 -19.000000  2.156815 -74.000000  2.008903 -1 
-12.000000 -19.000000  1.855248 -74.000000  2.080039 -1 
-12.000000 -20.000000  1.875091 -74.000000  1.920593 -1 
-12.000000 -20.000000  1.695872 -74.000000  1.997882 -1 
-13.000000 -20.000000  1.720186 -75.000000  1.899747 -1 
-12.000000 -20.000000  1.668163 -74.000000  2.107292 -1 
-10.000000 -20.000000  2.136641 -73.000000  2.460778 -1 
-10.000000 -18.000000  2.116563 -73.000000  2.336380 -1 
-10.000000 -18.000000  2.162560 -73.000000  1.904381 -1 
-13.000000 -18.000000  1.537412 -73.000000  1.937958 -1 
-12.000000 -18.000000  1.789138 -72.000000  2.051054 -1 
-10.000000 -18.000000  1.986110 -70.000000  2.480204 -1 
-10.000000 -19.000000  2.112821 -70.000000  2.565494 -1 
-10.000000 -19.000000  2.066842 -70.000000  2.608262 -1 
-12.000000 -19.000000  2.033276 -71.000000  2.282081 -1 
-10.000000 -17.000000  1.886388 -71.000000  1.535728 -1 
-9.000000 -18.000000  2.188353 -71.000000  1.917627 -1 
-9.000000 -18.000000  1.968394 -71.000000  2.034380 -1 
-9.000000 -18.000000  2.059839 -70.000000  2.002470 -1 
-10.000000 -18.000000  1.868050 -70.000000  1.865615 -1 
-10.000000 -18.000000  2.044544 -70.000000  1.835280 -1 
-10.000000 -17.000000  1.755942 -72.000000  1.732051 -1 
-12.000000 -17.000000  1.549670 -72.000000  1.376259 -1 
-10.000000 -17.000000  1.842663 -70.000000  1.859659 -1 
-10.000000 -18.000000  1.925447 -70.000000  1.832768 -1 
-10.000000 -18.000000  2.073644 -68.000000  2.341328 -1 
-10.000000 -18.000000  2.061553 -68.000000  2.292742 -1 
-10.000000 -17.000000  2.330951 -68.000000  2.936362 -1 
-13.000000 -18.000000  1.519109 -68.000000  3.014920 -1 
-10.000000 -18.000000  2.088932 -67.000000  2.844785 -1 
-9.000000 -18.000000  2.290901 -67.000000  2.530575 -1 
-9.000000 -18.000000  2.400928 -67.000000  2.247258 -1 
-9.000000 -18.000000  2.624252 -67.000000  2.149006 -1 
-10.000000 -17.000000  2.323238 -70.000000  1.934836 -1 
-11.000000 -16.000000  1.923538 -70.000000  1.341641 -1 
-8.000000 -16.000000  2.677063 -63.000000  2.984962 -1 
-8.000000 -17.000000  2.761340 -63.000000  2.571914 -1 
-8.000000 -17.000000  2.770093 -63.000000  2.602812 1 
-6.000000 -18.000000  3.302003 -62.000000  3.139081 1 
-6.000000 -18.000000  3.345073 -62.000000  3.212877 1 
-6.000000 -18.000000  3.007833 -62.000000  3.311063 1 
-9.000000 -18.000000  2.103780 -67.000000  2.261824 -1 
-9.000000 -18.000000  2.190250 -64.000000  3.010502 -1 
-9.000000 -18.000000  2.139836 -64.000000  2.689083 1 
-9.000000 -18.000000  2.396358 -63.000000  2.515407 1 
-9.000000 -18.000000  2.404541 -63.000000  2.748731 1 
-9.000000 -17.000000  2.282151 -63.000000  2.693076 1 
-9.000000 -17.000000  2.232970 -64.000000  2.313838 -1 
-10.000000 -14.000000  1.366260 -65.000000  2.065591 1 
-8.000000 -16.000000  2.289889 -65.000000  2.812518 1 
-8.000000 -16.000000  2.245366 -65.000000  2.946814 1 
-8.000000 -17.000000  2.077944 -65.000000  2.783947 1 
-8.000000 -17.000000  2.006520 -64.000000  2.864562 1 
-8.000000 -17.000000  1.953776 -64.000000  2.881570 -1 
-8.000000 -17.000000  2.617188 -64.000000  2.865732 1 
-7.000000 -18.000000  3.119108 -65.000000  2.330781 1 
-7.000000 -18.000000  3.086231 -61.000000  2.913575 1 
-7.000000 -18.000000  2.932576 -61.000000  2.905284 1 
-7.000000 -18.000000  2.736346 -61.000000  2.653781 1 
-7.000000 -18.000000  2.617352 -63.000000  2.433235 1 
-7.000000 -13.000000  1.763834 -63.000000  1.658312 1 
-9.000000 -16.000000  1.965173 -63.000000  1.906130 -1 
-8.000000 -18.000000  2.422708 -62.000000  2.655643 -1 
-8.000000 -18.000000  2.251114 -62.000000  2.560235 -1 
-8.000000 -18.000000  2.272492 -58.000000  3.547620 -1 
-8.000000 -13.000000  1.471355 -58.000000  3.377603 -1 
-8.000000 -17.000000  3.028589 -55.000000  3.648111 1 
-9.000000 -18.000000  2.405572 -55.000000  4.426792 1 
-8.000000 -18.000000  3.214286 -55.000000  4.214084 1 
-7.000000 -18.000000  3.637896 -57.000000  3.569485 1 
-7.000000 -18.000000  3.604014 -56.000000  2.303924 1 
-7.000000 -18.000000  3.607721 -56.000000  2.295552 1 
-7.000000 -17.000000  3.068450 -56.000000  2.469506 1 
-10.000000 -17.000000  2.167582 -57.000000  2.906615 1 
-10.000000 -17.000000  1.904997 -56.000000  2.995937 1 
-12.000000 -17.000000  1.196634 -56.000000  3.001400 1 
-16.000000 -17.000000  0.351866 -56.000000  0.985611 1 
-13.000000 -17.000000  1.178511 -60.000000  2.097618 1 
-8.000000 -17.000000  2.409035 -57.000000  3.491204 1 
-7.000000 -17.000000  3.418378 -56.000000  3.489050 1 
-7.000000 -17.000000  3.387373 -56.000000  3.284272 1 
-7.000000 -17.000000  3.478093 -56.000000  2.686176 -1 
-8.000000 -17.000000  2.944108 -56.000000  2.256773 -1 
-6.000000 -17.000000  3.407295 -56.000000  1.257442 1 
